0 0.748111 0.951482 0.0651941 0.0966142 0.803805
0 0.802997 0.95357 0.0383394 0.0875398 0.741568
0 0.015801 0.258244 0.0256646 0.087844 0.715983
0 0.84337 0.930918 0.0470509 0.138165 0.532712
0 0.587595 0.435531 0.0386864 0.170612 0.518299
0 0.875299 0.898189 0.0366829 0.0943971 0.508324
0 0.875592 0.924348 0.0402374 0.14482 0.372284
0 0.994124 0.297157 0.0111734 0.0573592 0.368904
0 0.650807 0.46244 0.035438 0.190736 0.358203
0 0.349828 0.376564 0.0261173 0.112439 0.313905
0 0.206503 0.212853 0.0207918 0.0677681 0.2644
