0 0.128978 0.223383 0.0150653 0.0560198 0.753124
0 0.677354 0.573657 0.0591592 0.208108 0.693229
0 0.785602 0.950203 0.0665121 0.0909246 0.553852
0 0.639338 0.473957 0.0345205 0.181055 0.527382
0 0.896216 0.941948 0.0648689 0.108739 0.517485
0 0.493939 0.35445 0.0354712 0.16044 0.474611
0 0.843988 0.959515 0.0446165 0.0725655 0.46001
0 0.539063 0.383179 0.0349036 0.169091 0.432944
0 0.0293693 0.77858 0.0522739 0.196327 0.43084
0 0.53158 0.290203 0.0215935 0.0859756 0.391732
0 0.217137 0.522546 0.0283979 0.169699 0.352824
0 0.611842 0.361202 0.0473005 0.171686 0.348201
0 0.470222 0.123653 0.0228384 0.109137 0.336142
0 0.191996 0.34503 0.0331315 0.145253 0.308214
0 0.920625 0.920016 0.0352673 0.0949988 0.302802
0 0.919734 0.433812 0.0607285 0.19921 0.29187
0 0.126332 0.219393 0.019533 0.0648455 0.284135
0 0.978396 0.963442 0.0407398 0.0636176 0.26572
