0 0.745396 0.951532 0.0637838 0.0965381 0.789219
0 0.011039 0.262136 0.0218898 0.0871545 0.680381
0 0.636622 0.447564 0.031764 0.176442 0.572315
0 0.800462 0.94907 0.0459042 0.0933314 0.481301
0 0.838888 0.933785 0.0394405 0.131556 0.405744
0 0.86944 0.886676 0.0340307 0.064124 0.366025
0 0.882194 0.926098 0.0646431 0.1429 0.365796
0 0.597337 0.41431 0.0334307 0.144049 0.358151
0 0.316229 0.381217 0.0365063 0.098173 0.338296
0 0.0134324 0.275454 0.0174781 0.0569633 0.33401
0 0.87041 0.926538 0.0414839 0.140767 0.327335
0 0.316262 0.399396 0.0386164 0.134238 0.299835
0 0.880241 0.882195 0.237601 0.221928 0.291571
0 0.423087 0.1317 0.0210456 0.0781798 0.287084
0 0.300054 0.149484 0.0222855 0.0995803 0.274113
0 0.918937 0.784606 0.0711082 0.181989 0.263263
0 0.853904 0.930702 0.0702328 0.138596 0.258655
