0 0.810247 0.954718 0.0417475 0.0898783 0.639798
0 0.584355 0.453193 0.0319858 0.165933 0.638885
0 0.0400549 0.271108 0.0189985 0.0418496 0.598452
0 0.857927 0.935444 0.0620407 0.126478 0.578837
0 0.75547 0.950152 0.0640297 0.0996969 0.571535
0 0.885972 0.922849 0.0437647 0.14883 0.556519
0 0.880238 0.878296 0.0310549 0.061322 0.518071
0 0.320713 0.148894 0.0219985 0.109539 0.409742
0 0.352172 0.379446 0.0299644 0.118767 0.392587
0 0.883515 0.893958 0.0360142 0.0910743 0.333814
0 0.0376748 0.249566 0.0239006 0.087706 0.312229
0 0.399815 0.344639 0.030078 0.0816678 0.282611
0 0.949786 0.956339 0.0483246 0.0872013 0.269346
