0 0.61687 0.287858 0.023266 0.103449 0.546439
0 0.792682 0.953312 0.0646296 0.0931229 0.536014
0 0.904342 0.945148 0.0665184 0.107711 0.53134
0 0.685674 0.32608 0.0311211 0.152498 0.495752
0 0.986363 0.967448 0.0265289 0.059471 0.440178
0 0.47617 0.125629 0.0229094 0.11154 0.421267
0 0.609918 0.622022 0.0489446 0.215441 0.415654
0 0.55569 0.342014 0.0321167 0.16062 0.382289
0 0.671816 0.492335 0.0345666 0.164383 0.342427
0 0.851525 0.959269 0.0299788 0.0792104 0.326446
0 0.872518 0.583291 0.064147 0.155104 0.289579
0 0.59707 0.393183 0.03048 0.119175 0.287452
0 0.596928 0.369869 0.0288078 0.165493 0.272202
0 0.71628 0.552528 0.0459297 0.193951 0.268846
0 0.928528 0.930917 0.0336117 0.112 0.26264
