0 0.884233 0.940677 0.0644695 0.117148 0.620018
0 0.485344 0.302321 0.0300528 0.0883012 0.590641
0 0.45584 0.126145 0.0233875 0.109271 0.555271
0 0.777327 0.950592 0.0620618 0.0985104 0.549279
0 0.831692 0.958581 0.0423336 0.0802663 0.534699
0 0.471305 0.62853 0.0647208 0.211296 0.511579
0 0.666887 0.538558 0.0417489 0.162541 0.405695
0 0.0983257 0.234813 0.0148308 0.0569148 0.395583
0 0.616501 0.460565 0.0351089 0.170977 0.391375
0 0.48346 0.323191 0.028795 0.129276 0.385657
0 0.909156 0.898611 0.0308155 0.0745558 0.383143
0 0.115494 0.232672 0.0111489 0.0448456 0.38066
0 0.230827 0.558158 0.0210764 0.0744134 0.364306
0 0.974195 0.963262 0.0496517 0.0716739 0.355046
0 0.921023 0.929731 0.0612583 0.13771 0.327616
0 0.480701 0.340662 0.0294605 0.159706 0.315907
0 0.565968 0.382122 0.043453 0.165904 0.308696
0 0.906242 0.458649 0.0598209 0.204374 0.287563
0 0.256067 0.190991 0.0194382 0.0549973 0.271328
0 0.495319 0.390359 0.0359016 0.173404 0.255868
