0 0.140102 0.200388 0.0200735 0.0966662 0.648647
0 0.688286 0.496623 0.0312265 0.185762 0.561053
0 0.78667 0.951733 0.0641367 0.0952077 0.501813
0 0.707049 0.332537 0.0359737 0.165742 0.476747
0 0.629049 0.633068 0.0464756 0.21832 0.46031
0 0.668306 0.316571 0.032691 0.148773 0.444249
0 0.467737 0.127835 0.0223064 0.111199 0.428031
0 0.899148 0.938934 0.0664782 0.119719 0.424475
0 0.616182 0.366307 0.0291166 0.163488 0.39636
0 0.730529 0.522195 0.0400293 0.176644 0.396107
0 0.995425 0.867783 0.00843048 0.0629435 0.365901
0 0.987167 0.916719 0.02495 0.158377 0.347371
0 0.276612 0.573158 0.0342496 0.184914 0.345851
0 0.259783 0.328876 0.0342938 0.103644 0.326514
0 0.861743 0.564094 0.0524693 0.196625 0.322865
0 0.57632 0.334537 0.0295725 0.158254 0.287098
0 0.903372 0.345669 0.0468109 0.182489 0.27485
