0 0.839043 0.960356 0.040004 0.0783647 0.704829
0 0.587671 0.368391 0.0277018 0.173157 0.625487
0 0.889942 0.941629 0.0622314 0.115999 0.578598
0 0.78123 0.950214 0.0653767 0.0995 0.527607
0 0.46257 0.124785 0.0230596 0.109881 0.427141
0 0.515054 0.386692 0.0447168 0.177438 0.426116
0 0.470788 0.352683 0.0295669 0.159274 0.424877
0 0.106987 0.238173 0.0116307 0.0367925 0.385934
0 0.66763 0.567091 0.0502965 0.19986 0.384563
0 0.232261 0.568087 0.0252293 0.0473497 0.380408
0 0.508684 0.2952 0.0285551 0.0829549 0.375906
0 0.628264 0.468056 0.033316 0.184672 0.306947
0 0.262555 0.182513 0.0201626 0.0683835 0.29245
0 0.927587 0.932791 0.0629561 0.131348 0.262409
