0 0.75923 0.951133 0.0613082 0.0977346 0.626106
0 0.854839 0.931488 0.0312309 0.120265 0.610239
0 0.885198 0.923024 0.0361149 0.149574 0.51797
0 0.628327 0.387796 0.0448095 0.161503 0.493643
0 0.8172 0.957941 0.0397146 0.0825095 0.492254
0 0.826999 0.49215 0.0409111 0.198778 0.473851
0 0.357098 0.657137 0.0504344 0.182651 0.430546
0 0.886734 0.882062 0.0302589 0.0667408 0.369405
0 0.703917 0.511343 0.0425879 0.238737 0.346254
0 0.753259 0.33779 0.0380285 0.144098 0.330205
0 0.719257 0.1301 0.017816 0.0796924 0.312763
0 0.583712 0.339989 0.0402542 0.15954 0.284869
0 0.93875 0.889145 0.122305 0.199862 0.25583
