0 0.735551 0.952365 0.063312 0.0952705 0.737261
0 0.856077 0.921571 0.0426083 0.150519 0.682953
0 0.816796 0.929998 0.045422 0.137987 0.460646
0 0.790749 0.934223 0.041905 0.129761 0.445313
0 0.970839 0.624774 0.057605 0.208676 0.391832
0 0.0849934 0.39155 0.0370526 0.0836746 0.385768
0 0.103585 0.568744 0.0580348 0.186255 0.372832
0 0.695486 0.409286 0.0243162 0.151397 0.372258
0 0.469118 0.159569 0.0126213 0.0453877 0.310385
0 0.919648 0.949089 0.0475277 0.0971649 0.296213
0 0.514399 0.398497 0.0205135 0.176938 0.273206
