0 0.536578 0.351109 0.0468876 0.171919 0.716901
0 0.791682 0.953078 0.0656691 0.0937173 0.637526
0 0.655183 0.48026 0.0483541 0.184811 0.595652
0 0.574061 0.365839 0.0484408 0.172309 0.535627
0 0.667092 0.340984 0.0460039 0.169847 0.519122
0 0.904556 0.945211 0.0664078 0.107591 0.494569
0 0.477624 0.125521 0.0234322 0.112939 0.45726
0 0.586211 0.272255 0.0225744 0.0678015 0.454329
0 0.577539 0.624915 0.062812 0.211057 0.426016
0 0.709549 0.573983 0.0487776 0.202973 0.40672
0 0.98606 0.966802 0.0271423 0.0610672 0.369313
0 0.583794 0.289488 0.0272428 0.101651 0.358977
0 0.850722 0.959548 0.0300503 0.0788222 0.356821
0 0.928114 0.932239 0.033577 0.108291 0.333113
0 0.938293 0.938384 0.0550388 0.121185 0.291544
0 0.776858 0.120183 0.020717 0.087678 0.283424
0 0.670305 0.322869 0.031191 0.123289 0.256159
