0 0.632211 0.396484 0.0340555 0.158834 0.723835
0 0.746566 0.952408 0.0599257 0.0941861 0.717225
0 0.804247 0.958022 0.039383 0.083647 0.601114
0 0.706738 0.454793 0.0322176 0.177844 0.557502
0 0.80168 0.447475 0.0322302 0.162451 0.493182
0 0.585516 0.339122 0.0393244 0.146549 0.458868
0 0.691624 0.648702 0.0169762 0.0337338 0.425916
0 0.874813 0.871233 0.249844 0.236416 0.377674
0 0.659532 0.754208 0.0463245 0.246349 0.368018
0 0.838894 0.930969 0.029464 0.123298 0.343112
0 0.751614 0.302246 0.0197048 0.138571 0.331274
0 0.717257 0.596073 0.0324837 0.212256 0.324198
0 0.781473 0.327316 0.0248888 0.100246 0.29996
0 0.0427862 0.28215 0.0118141 0.0299498 0.297014
0 0.194143 0.224061 0.0164941 0.0508408 0.270288
0 0.392455 0.149911 0.0216681 0.116751 0.255485
