0 0.677211 0.489521 0.0486238 0.177271
0 0.789732 0.953059 0.0661294 0.0937425
0 0.902541 0.942283 0.0666851 0.11433
0 0.697426 0.341318 0.0363029 0.179974
0 0.565026 0.339678 0.0347029 0.164906
0 0.269039 0.567299 0.0609675 0.174326
0 0.473433 0.126665 0.0218847 0.111639
0 0.643856 0.299513 0.0235945 0.11734
0 0.647221 0.312293 0.0337643 0.144879
0 0.725472 0.538337 0.0408455 0.216497
0 0.854963 0.959157 0.0391979 0.0797635
0 0.607492 0.368001 0.0477307 0.166897
0 0.69866 0.317872 0.0276548 0.131254
0 0.622826 0.614756 0.0368706 0.21329
0 0.924354 0.927152 0.0333256 0.109472
