0 0.896797 0.923056 0.038105 0.147833
0 0.86329 0.936073 0.0484207 0.125815
0 0.764351 0.950029 0.0638931 0.0999412
0 0.520265 0.478917 0.0124914 0.0418486
0 0.816975 0.954773 0.0429512 0.0879784
0 0.408578 0.632004 0.0492931 0.206685
0 0.892281 0.858686 0.0413368 0.107673
0 0.596374 0.461801 0.0327136 0.170371
0 0.896078 0.902068 0.0367504 0.108795
0 0.874611 0.935831 0.0700634 0.127416
0 0.497193 0.414784 0.0535999 0.176254
0 0.896377 0.876275 0.0344028 0.0614687
0 0.485009 0.413624 0.028447 0.179611
0 0.889127 0.834432 0.0480522 0.0739529
0 0.661914 0.534547 0.0543609 0.193184
0 0.442733 0.354023 0.0287775 0.145161
