0 0.736672 0.951484 0.0639071 0.0970313
0 0.675331 0.403941 0.0496727 0.150872
0 0.791787 0.953138 0.0407604 0.09022
0 0.856326 0.921835 0.0420965 0.149182
0 0.532596 0.397632 0.0452579 0.153909
0 0.856494 0.897414 0.0408875 0.0973494
0 0.820359 0.928981 0.0429089 0.13332
0 0.423347 0.150513 0.0218063 0.11808
0 0.855416 0.88101 0.0389814 0.067503
0 0.989505 0.757393 0.0203552 0.0450541
0 0.919506 0.950509 0.0462265 0.0976573
0 0.028024 0.824678 0.0552127 0.193176
0 0.962028 0.812692 0.0750042 0.163224
0 0.182707 0.213658 0.0214556 0.084582
0 0.285705 0.16263 0.0221917 0.110575
0 0.915749 0.932238 0.0585802 0.1344
0 0.88161 0.963687 0.0432438 0.0717177
0 0.210686 0.474427 0.190764 0.244786
0 0.105985 0.545636 0.0261838 0.117639
