0 0.0864339 0.241834 0.0147639 0.0561423
0 0.0887736 0.24225 0.0139476 0.0540351
0 0.772158 0.950116 0.0613771 0.0992974
0 0.828361 0.957274 0.0362196 0.0817508
0 0.872881 0.9375 0.052396 0.122729
0 0.604882 0.455941 0.0319525 0.165724
0 0.66044 0.555588 0.0433331 0.207745
0 0.909422 0.92789 0.0520157 0.140817
0 0.214447 0.185511 0.0187986 0.0815267
0 0.846507 0.923435 0.019632 0.0518568
0 0.249106 0.191174 0.0226614 0.0668387
0 0.449763 0.129431 0.023073 0.111559
0 0.111913 0.37265 0.0416449 0.151524
0 0.526859 0.40817 0.0304298 0.169481
0 0.439585 0.621231 0.0344118 0.200322
0 0.902963 0.904032 0.0372818 0.0934374
0 0.248175 0.176984 0.0241827 0.0927452
0 0.194732 0.166858 0.0201041 0.0372565
0 0.474947 0.401209 0.049413 0.15753
