0 0.742703 0.95176 0.064258 0.096481
0 0.619694 0.452835 0.0616582 0.155785
0 0.837089 0.932885 0.0455971 0.130374
0 0.868163 0.896673 0.0364838 0.0886607
0 0.602303 0.436804 0.031258 0.100561
0 0.796757 0.954145 0.0446768 0.0895567
0 0.867075 0.884682 0.0345942 0.0649082
0 0.210638 0.387834 0.0216432 0.0432112
0 0.872521 0.925231 0.0489601 0.145633
0 0.195307 0.214092 0.0207889 0.0739082
0 0.849955 0.930002 0.0733246 0.139145
0 0.206143 0.398022 0.0321527 0.0624981
0 0.612275 0.365215 0.0262383 0.0687943
0 0.423874 0.132952 0.0226538 0.0818016
0 0.295758 0.395778 0.0510882 0.107893
0 0.82822 0.931889 0.0597794 0.134731
0 0.253025 0.485983 0.062884 0.144821
0 0.00938187 0.265032 0.0187025 0.0814596
