0 0.794658 0.954421 0.0428885 0.0889218
0 0.739026 0.951623 0.0651037 0.0967531
0 0.567146 0.425664 0.0459917 0.163486
0 0.829067 0.931326 0.0407827 0.131699
0 0.990812 0.759502 0.0177841 0.0427004
0 0.843923 0.930641 0.0696896 0.136489
0 0.860335 0.919043 0.0428247 0.140883
0 0.636739 0.400423 0.0456642 0.144714
0 0.857702 0.875938 0.0376192 0.0574719
0 0.920181 0.95184 0.0428961 0.0956743
0 0.82792 0.917593 0.0357037 0.104217
0 0.188915 0.207899 0.0265187 0.0911658
0 0.859296 0.894974 0.042112 0.0964954
0 0.85981 0.941634 0.0415092 0.105211
0 0.910815 0.787306 0.0635387 0.177527
0 0.815823 0.933258 0.064821 0.129853
