0 0.750081 0.345915 0.0504393 0.173941
0 0.631199 0.385685 0.0424353 0.167801
0 0.860734 0.929871 0.0315323 0.116483
0 0.76088 0.951413 0.0664862 0.0971749
0 0.834243 0.49607 0.0423058 0.194665
0 0.339075 0.63209 0.0345139 0.174198
0 0.727635 0.308776 0.0255806 0.151451
0 0.426408 0.141565 0.021192 0.113041
0 0.70264 0.519108 0.0508566 0.259748
0 0.829908 0.292008 0.0395254 0.157101
0 0.891361 0.922914 0.0389988 0.148907
0 0.662591 0.714898 0.0332218 0.144267
0 0.978934 0.849187 0.0411253 0.106947
0 0.726168 0.1244 0.0192658 0.092949
0 0.819003 0.958082 0.0427755 0.0830012
0 0.640503 0.70065 0.0421148 0.233887
