0 0.760816 0.950342 0.0641542 0.0993157
0 0.864991 0.936225 0.0607981 0.124924
0 0.894312 0.923511 0.0459881 0.148165
0 0.815714 0.954298 0.0391552 0.0882562
0 0.588841 0.460852 0.0292637 0.175261
0 0.0635036 0.40063 0.0496303 0.184256
0 0.889989 0.88319 0.0346981 0.0700049
0 0.379721 0.64134 0.0427762 0.203182
0 0.89068 0.902726 0.0392063 0.107973
0 0.736526 0.960703 0.0298594 0.0779524
0 0.667051 0.519558 0.0485981 0.189792
0 0.231665 0.208828 0.0183264 0.045692
0 0.421713 0.337468 0.0265139 0.0995331
