0 0.806121 0.954223 0.0416591 0.0883263
0 0.752612 0.950747 0.0632923 0.0985063
0 0.021259 0.461606 0.0425179 0.104547
0 0.880788 0.923304 0.0405195 0.147123
0 0.851097 0.935436 0.0593306 0.126522
0 0.322295 0.364734 0.0290654 0.0731305
0 0.5828 0.449674 0.0348539 0.169443
0 0.88012 0.899608 0.0379057 0.100798
0 0.660702 0.477991 0.0408554 0.185796
0 0.0299862 0.269405 0.0181737 0.0538664
0 0.878429 0.881206 0.0342846 0.0643009
0 0.212856 0.196321 0.021844 0.0892761
0 0.891672 0.928628 0.0632694 0.14007
0 0.358996 0.367599 0.0190174 0.054016
