0 0.709513 0.444174 0.0348302 0.143567
0 0.846824 0.931455 0.0318222 0.122362
0 0.807753 0.957502 0.0435574 0.083056
0 0.63344 0.393083 0.0270197 0.166307
0 0.75273 0.951117 0.0589308 0.095795
0 0.707222 0.571309 0.0374012 0.175341
0 0.769892 0.32287 0.0210733 0.110034
0 0.813026 0.470487 0.0369881 0.191658
0 0.378499 0.660657 0.0549053 0.202458
0 0.587822 0.332495 0.0326786 0.155795
0 0.206115 0.213335 0.0173765 0.0564469
0 0.875603 0.921083 0.0364609 0.151529
0 0.745259 0.310545 0.03083 0.129421
