0 0.876414 0.933379 0.0317053 0.121624
0 0.619611 0.38034 0.052906 0.170205
0 0.582227 0.334845 0.0391212 0.160497
0 0.454205 0.13172 0.0214324 0.110848
0 0.725908 0.336185 0.0466623 0.157499
0 0.779424 0.951395 0.0614842 0.0968682
0 0.908385 0.930553 0.0372652 0.136984
0 0.692841 0.315892 0.0252419 0.146636
0 0.636712 0.651279 0.0526222 0.219521
0 0.121135 0.219334 0.016671 0.0796304
0 0.0929224 0.898916 0.0837466 0.110327
0 0.839273 0.959094 0.037561 0.0794545
0 0.906961 0.892157 0.0274818 0.0661418
0 0.726712 0.512445 0.0395571 0.196096
0 0.691806 0.51473 0.0427271 0.19439
